DIMENSIONS:
200 200

COLONY:
100 100

FOOD:
60 60 3
60 61 3
60 62 3
60 63 3
60 64 3
61 60 3
61 61 3
61 62 3
61 63 3
61 64 3
62 60 3
62 61 3
62 62 3
62 63 3
62 64 3
63 60 3
63 61 3
63 62 3
63 63 3
63 64 3
64 60 3
64 61 3
64 62 3
64 63 3
64 64 3


ANTS:
70

TIME_LIMIT:
150

MAX_STEPS:
5000

WALL:
20 92
20 94
20 96
20 98
20 102
20 104
20 106
20 108
21 85
21 87
21 90
21 110
21 113
21 115
22 81
22 83
22 117
22 119
23 77
23 79
23 121
23 123
24 75
24 125
25 71
25 73
25 127
25 129
26 69
26 131
27 67
27 133
28 66
28 134
29 64
29 136
30 62
30 138
31 60
31 140
32 58
32 142
33 56
33 144
34 55
34 145
35 53
35 147
37 51
37 149
38 50
38 150
39 48
39 152
40 92
40 94
40 96
40 98
40 100
40 102
40 104
40 106
40 108
41 46
41 87
41 89
41 91
41 109
41 111
41 113
41 154
42 45
42 83
42 85
42 115
42 117
42 155
43 43
43 81
43 119
43 157
44 78
44 80
44 120
44 122
45 42
45 76
45 124
45 158
46 41
46 74
46 126
46 159
47 71
47 73
47 127
47 129
48 39
48 69
48 131
48 161
49 68
49 132
50 38
50 66
50 134
50 162
51 37
51 65
51 163
53 35
53 63
53 137
53 165
54 62
54 138
55 34
55 60
55 140
55 166
56 33
56 59
56 141
56 167
58 32
58 58
58 142
58 168
59 56
59 144
60 31
60 55
60 94
60 95
60 97
60 98
60 100
60 102
60 103
60 105
60 106
60 145
60 169
61 91
61 92
61 108
61 109
62 30
62 54
62 86
62 88
62 89
62 111
62 112
62 114
62 146
62 170
63 53
63 85
63 115
63 147
64 29
64 82
64 83
64 117
64 118
64 171
65 51
65 80
65 120
65 149
66 28
66 50
66 79
66 121
66 150
66 172
67 27
67 78
67 122
67 173
68 49
68 76
68 124
68 151
69 26
69 48
69 75
69 125
69 152
69 174
70 74
70 126
71 25
71 47
71 73
71 127
71 153
71 175
72 72
72 128
73 25
73 47
73 71
73 129
73 153
73 175
74 46
74 70
74 130
74 154
75 24
75 69
75 131
75 176
76 45
76 68
76 132
76 155
77 23
77 177
78 44
78 67
78 133
78 156
79 23
79 66
79 134
79 177
80 44
80 65
80 96
80 97
80 99
80 100
80 101
80 103
80 104
80 135
80 156
81 22
81 43
81 93
81 94
81 95
81 105
81 106
81 107
81 157
81 178
82 64
82 90
82 91
82 109
82 110
82 136
83 22
83 42
83 64
83 89
83 111
83 136
83 158
83 178
84 88
84 112
85 21
85 42
85 63
85 86
85 87
85 113
85 114
85 137
85 158
85 179
86 62
86 85
86 115
86 138
87 21
87 41
87 85
87 115
87 159
87 179
88 62
88 84
88 116
88 138
89 41
89 62
89 83
89 117
89 138
89 159
90 21
90 82
90 118
90 179
91 41
91 61
91 82
91 118
91 139
91 159
92 20
92 40
92 61
92 139
92 160
92 180
93 81
93 119
94 20
94 40
94 60
94 81
94 119
94 140
94 160
94 180
95 60
95 81
95 119
95 140
96 20
96 40
96 80
96 120
96 160
96 180
97 60
97 80
97 120
97 140
98 20
98 40
98 60
98 140
98 160
98 180
99 80
99 120
100 20
100 40
100 160
100 180
101 80
101 120
102 20
102 40
102 60
102 140
102 160
102 180
103 60
103 80
103 120
103 140
104 20
104 40
104 80
104 120
104 160
104 180
105 60
105 81
105 119
105 140
106 20
106 40
106 60
106 81
106 119
106 140
106 160
106 180
107 81
107 119
108 20
108 40
108 61
108 139
108 160
108 180
109 41
109 61
109 82
109 118
109 139
109 159
110 21
110 82
110 118
110 179
111 41
111 62
111 83
111 117
111 138
111 159
112 62
112 84
112 116
112 138
113 21
113 41
113 85
113 115
113 159
113 179
114 62
114 85
114 115
114 138
115 21
115 42
115 63
115 86
115 87
115 113
115 114
115 137
115 158
115 179
116 88
116 112
117 22
117 42
117 64
117 89
117 111
117 136
117 158
117 178
118 64
118 90
118 91
118 109
118 110
118 136
119 22
119 43
119 93
119 94
119 95
119 105
119 106
119 107
119 157
119 178
120 44
120 65
120 96
120 97
120 99
120 100
120 101
120 103
120 104
120 135
120 156
121 23
121 66
121 134
121 177
122 44
122 67
122 133
122 156
123 23
123 177
124 45
124 68
124 132
124 155
125 24
125 69
125 131
125 176
126 46
126 70
126 130
126 154
127 25
127 47
127 71
127 129
127 153
127 175
128 72
128 128
129 25
129 47
129 73
129 127
129 153
129 175
130 74
130 126
131 26
131 48
131 75
131 125
131 152
131 174
132 49
132 76
132 124
132 151
133 27
133 78
133 122
133 173
134 28
134 50
134 79
134 121
134 150
134 172
135 51
135 80
135 120
135 149
136 29
136 82
136 83
136 117
136 118
136 171
137 53
137 85
137 115
137 147
138 30
138 54
138 86
138 88
138 89
138 111
138 112
138 114
138 146
138 170
139 91
139 92
139 108
139 109
140 55
140 94
140 95
140 97
140 98
140 100
140 102
140 103
140 105
140 106
140 145
140 169
141 56
141 144
142 32
142 58
142 142
142 168
144 33
144 59
144 141
144 167
145 34
145 60
145 140
145 166
146 62
146 138
147 35
147 63
147 137
147 165
149 37
149 135
149 163
150 38
150 66
150 134
150 162
151 68
151 132
152 39
152 69
152 131
152 161
153 71
153 73
153 127
153 129
154 41
154 74
154 126
154 159
155 42
155 76
155 124
155 158
156 78
156 80
156 120
156 122
157 43
157 81
157 119
157 157
158 45
158 83
158 85
158 115
158 117
158 155
159 46
159 87
159 89
159 91
159 109
159 111
159 113
159 154
160 92
160 94
160 96
160 98
160 100
160 102
160 104
160 106
160 108
161 48
161 152
162 50
162 150
163 51
163 149
165 53
165 147
166 55
166 145
167 56
167 144
168 58
168 142
169 60
169 140
170 62
170 138
171 64
171 136
172 66
172 134
173 67
173 133
174 69
174 131
175 71
175 73
175 127
175 129
176 75
176 125
177 77
177 79
177 121
177 123
178 81
178 83
178 117
178 119
179 85
179 87
179 90
179 110
179 113
179 115
180 92
180 94
180 96
180 98
180 100
180 102
180 104
180 106
180 108