DIMENSIONS:
150 150

# Colony in the center
COLONY:
75 75

ANTS:
60

TIME_LIMIT:
300

MAX_STEPS:
10000

FOOD:
60 60 1
60 61 1
60 62 1
60 63 1
60 64 1
61 60 1
61 61 1
61 62 1
61 63 1
61 64 1
62 60 1
62 61 1
62 62 1
62 63 1
62 64 1
63 60 1
63 61 1
63 62 1
63 63 1
63 64 1
64 60 1
64 61 1
64 62 1
64 63 1
64 64 1

# Mid-spiral point 1
38 120 1
38 121 1
38 122 1
38 123 1
38 124 1
39 120 1
39 121 1
39 122 1
39 123 1
39 124 1
40 120 1
40 121 1
40 122 1
40 123 1
40 124 1
41 120 1
41 121 1
41 122 1
41 123 1
41 124 1
42 120 1
42 121 1
42 122 1
42 123 1
42 124 1

# Mid-spiral point 2
115 115 1
115 116 1
115 117 1
115 118 1
115 119 1
116 115 1
116 116 1
116 117 1
116 118 1
116 119 1
117 115 1
117 116 1
117 117 1
117 118 1
117 119 1
118 115 1
118 116 1
118 117 1
118 118 1
118 119 1
119 115 1
119 116 1
119 117 1
119 118 1
119 119 1

# Outer spiral point
15 30 1
15 31 1
15 32 1
15 33 1
15 34 1
16 30 1
16 31 1
16 32 1
16 33 1
16 34 1
17 30 1
17 31 1
17 32 1
17 33 1
17 34 1
18 30 1
18 31 1
18 32 1
18 33 1
18 34 1
19 30 1
19 31 1
19 32 1
19 33 1
19 34 1



WALL:
# First outer segment (top) with gaps
25 25
26 25
27 25
28 25
29 25
30 25
31 25
32 25
33 25
34 25
35 25
36 25
37 25
38 25
39 25
40 25
41 25
42 25
43 25
44 25
45 25
46 25
47 25
48 25
49 25
# Gap at 50-55
56 25
57 25
58 25
59 25
60 25
61 25
62 25
63 25
64 25
65 25
66 25
67 25
68 25
69 25
70 25
71 25
72 25
73 25
74 25
75 25
76 25
77 25
78 25
79 25
80 25
# Gap at 81-86
87 25
88 25
89 25
90 25
91 25
92 25
93 25
94 25
95 25
96 25
97 25
98 25
99 25
100 25
101 25
102 25
103 25
104 25
105 25
106 25
107 25
108 25
109 25
110 25
111 25
112 25
113 25
114 25
115 25
116 25
117 25
118 25
119 25
120 25
121 25
122 25
123 25
124 25
125 25

# First outer segment (right) with gaps
125 25
125 26
125 27
125 28
125 29
125 30
125 31
125 32
125 33
125 34
125 35
125 36
125 37
125 38
125 39
# Gap at 40-45
125 46
125 47
125 48
125 49
125 50
125 51
125 52
125 53
125 54
125 55
125 56
125 57
125 58
125 59
125 60
125 61
125 62
# Gap at 63-68
125 69
125 70
125 71
125 72
125 73
125 74
125 75
125 76
125 77
125 78
125 79
125 80
125 81
125 82
125 83
125 84
125 85
# Gap at 86-91
125 92
125 93
125 94
125 95
125 96
125 97
125 98
125 99
125 100
125 101
125 102
125 103
125 104
125 105
125 106
125 107
125 108
125 109
125 110
125 111
125 112
125 113
125 114
125 115
125 116
125 117
125 118
125 119
125 120
125 121
125 122
125 123
125 124
125 125

# First outer segment (bottom) with gaps
125 125
124 125
123 125
122 125
121 125
120 125
119 125
118 125
117 125
116 125
115 125
114 125
113 125
112 125
111 125
110 125
109 125
108 125
107 125
106 125
105 125
104 125
103 125
102 125
101 125
100 125
99 125
98 125
97 125
96 125
95 125
# Gap at 94-89
88 125
87 125
86 125
85 125
84 125
83 125
82 125
81 125
80 125
79 125
78 125
77 125
76 125
75 125
74 125
73 125
72 125
71 125
70 125
69 125
# Gap at 68-63
62 125
61 125
60 125
59 125
58 125
57 125
56 125
55 125
54 125
53 125
52 125
51 125
50 125
49 125
48 125
47 125
46 125
45 125
44 125
43 125
42 125
41 125
40 125
39 125
38 125
37 125
36 125
35 125
34 125
33 125
32 125
31 125
30 125
29 125
28 125
27 125
26 125
25 125

# First outer segment (left) with gaps
25 125
25 124
25 123
25 122
25 121
25 120
25 119
25 118
25 117
25 116
25 115
25 114
25 113
25 112
25 111
25 110
25 109
25 108
25 107
25 106
25 105
25 104
25 103
25 102
25 101
25 100
25 99
25 98
25 97
25 96
25 95
# Gap at 94-89
25 88
25 87
25 86
25 85
25 84
25 83
25 82
25 81
25 80
25 79
25 78
25 77
25 76
25 75
25 74
25 73
25 72
25 71
25 70
25 69
# Gap at 68-63
25 62
25 61
25 60
25 59
25 58
25 57
25 56
25 55
25 54
25 53
25 52
25 51
25 50
25 49
25 48
25 47
25 46
25 45
25 44
25 43
25 42
25 41
25 40
25 39
25 38
25 37
25 36
25 35
25 34
25 33
25 32
25 31
25 30
25 29
25 28
25 27
25 26
25 25

# Second segment (top) with gaps
38 38
39 38
40 38
41 38
42 38
43 38
44 38
45 38
46 38
47 38
48 38
49 38
50 38
51 38
52 38
53 38
54 38
55 38
# Gap at 56-61
62 38
63 38
64 38
65 38
66 38
67 38
68 38
69 38
70 38
71 38
72 38
73 38
74 38
75 38
76 38
77 38
78 38
79 38
80 38
81 38
82 38
83 38
84 38
85 38
86 38
87 38
88 38
# Gap at 89-94
95 38
96 38
97 38
98 38
99 38
100 38
101 38
102 38
103 38
104 38
105 38
106 38
107 38
108 38
109 38
110 38
111 38
112 38

# Second segment (right) with gaps
112 38
112 39
112 40
112 41
112 42
112 43
112 44
112 45
112 46
112 47
112 48
112 49
112 50
112 51
112 52
112 53
# Gap at 54-59
112 60
112 61
112 62
112 63
112 64
112 65
112 66
112 67
112 68
112 69
112 70
112 71
112 72
112 73
112 74
112 75
# Gap at 76-81
112 82
112 83
112 84
112 85
112 86
112 87
112 88
112 89
112 90
112 91
112 92
112 93
112 94
112 95
112 96
112 97
112 98
112 99
112 100
112 101
112 102
112 103
112 104
112 105
112 106
112 107
112 108
112 109
112 110
112 111
112 112

# Second segment (bottom) with gaps
112 112
111 112
110 112
109 112
108 112
107 112
106 112
105 112
104 112
103 112
102 112
101 112
100 112
99 112
98 112
97 112
96 112
95 112
# Gap at 94-89
88 112
87 112
86 112
85 112
84 112
83 112
82 112
81 112
80 112
79 112
78 112
77 112
76 112
75 112
74 112
73 112
72 112
71 112
70 112
69 112
# Gap at 68-63
62 112
61 112
60 112
59 112
58 112
57 112
56 112
55 112
54 112
53 112
52 112
51 112
50 112
49 112
48 112
47 112
46 112
45 112
44 112
43 112
42 112
41 112
40 112
39 112
38 112

# Second segment (left) with gaps
38 112
38 111
38 110
38 109
38 108
38 107
38 106
38 105
38 104
38 103
38 102
38 101
38 100
38 99
38 98
38 97
38 96
38 95
# Gap at 94-89
38 88
38 87
38 86
38 85
38 84
38 83
38 82
38 81
38 80
38 79
38 78
38 77
38 76
38 75
38 74
38 73
38 72
38 71
38 70
38 69
# Gap at 68-63
38 62
38 61
38 60
38 59
38 58
38 57
38 56
38 55
38 54
38 53
38 52
38 51
38 50
38 49
38 48
38 47
38 46
38 45
38 44
38 43
38 42
38 41
38 40
38 39
38 38

# Third segment (top) with multiple gaps
50 50
51 50
52 50
53 50
54 50
55 50
56 50
57 50
# Gap at 58-62
63 50
64 50
65 50
66 50
67 50
68 50
69 50
70 50
71 50
72 50
73 50
74 50
75 50
76 50
77 50
# Gap at 78-82
83 50
84 50
85 50
86 50
87 50
88 50
89 50
90 50
91 50
92 50
93 50
94 50
95 50
96 50
97 50
98 50
99 50
100 50

# Third segment (right) with multiple gaps
100 50
100 51
100 52
100 53
100 54
100 55
100 56
100 57
# Gap at 58-62
100 63
100 64
100 65
100 66
100 67
100 68
100 69
100 70
100 71
100 72
100 73
100 74
100 75
100 76
100 77
# Gap at 78-82
100 83
100 84
100 85
100 86
100 87
100 88
100 89
100 90
100 91
100 92
100 93
100 94
100 95
100 96
100 97
100 98
100 99
100 100

# Third segment (bottom) with multiple gaps
100 100
99 100
98 100
97 100
96 100
95 100
94 100
93 100
92 100
91 100
90 100
89 100
88 100
87 100
86 100
85 100
84 100
83 100
# Gap at 82-78
77 100
76 100
75 100
74 100
73 100
72 100
71 100
70 100
69 100
68 100
67 100
66 100
65 100
64 100
63 100
# Gap at 62-58
57 100
56 100
55 100
54 100
53 100
52 100
51 100
50 100

# Third segment (left) with multiple gaps
50 100
50 99
50 98
50 97
50 96
50 95
50 94
50 93
50 92
50 91
50 90
50 89
50 88
50 87
50 86
50 85
50 84
50 83
# Gap at 82-78
50 77
50 76
50 75
50 74
50 73
50 72
50 71
50 70
50 69
50 68
50 67
50 66
50 65
50 64
50 63
# Gap at 62-58
50 57
50 56
50 55
50 54
50 53
50 52
50 51
50 50

# Inner region wall with multiple gaps
# Top - completely removed to allow free access to central food
